Date              2015-07-012015-07-012015-07-012015-07-012015-0...
Hour                                                          50784
Training_Split    TrainTrainTrainTrainTrainTrainTrainTrainTrainT...
10                                                              256
11                                                              904
12                                                                2
26                                                              266
27                                                             1059
28                                                              103
42                                                              409
43                                                              897
44                                                              402
45                                                                4
58                                                              348
59                                                               88
74                                                                1
75                                                              257
87                                                               43
88                                                              712
89                                                               62
90                                                              200
91                                                             2278
92                                                             1919
102                                                            1058
103                                                            1034
104                                                             809
105                                                             197
106                                                            2598
107                                                            4761
108                                                             904
                                        ...                        
183                                                            2010
184                                                            2311
185                                                             668
193                                                              40
194                                                             750
195                                                            1423
196                                                            1231
197                                                             826
198                                                            2639
199                                                            1178
200                                                             782
201                                                             463
202                                                              18
203                                                             269
210                                                             182
211                                                             296
212                                                             477
213                                                             804
214                                                             746
215                                                            1025
216                                                             598
217                                                              94
218                                                             293
219                                                             127
227                                                               2
228                                                               7
229                                                             146
230                                                             512
231                                                             758
232                                                              55
Length: 114, dtype: object